# Blender v2.79 (sub 0) OBJ File: 'CatAnim.blend'
# www.blender.org
mtllib CatAnim_000040.mtl
o Cube.005
v -0.180073 3.023712 3.228074
v -0.180073 3.721972 3.228074
v -0.106833 3.023712 1.613615
v -0.106833 3.721972 1.613615
v 0.571420 3.023712 3.262165
v 0.571420 3.721972 3.262165
v 0.644660 3.023712 1.647707
v 0.644660 3.721972 1.647707
vn -0.9990 0.0000 -0.0453
vn 0.0453 0.0000 -0.9990
vn 0.9990 0.0000 0.0453
vn -0.0453 0.0000 0.9990
vn 0.0000 -1.0000 0.0000
vn 0.0000 1.0000 0.0000
usemtl None
s off
f 1//1 2//1 4//1 3//1
f 3//2 4//2 8//2 7//2
f 7//3 8//3 6//3 5//3
f 5//4 6//4 2//4 1//4
f 3//5 7//5 5//5 1//5
f 8//6 4//6 2//6 6//6
o Cube.004
v -0.506699 -0.029154 -1.906807
v -0.506699 1.836916 -1.187236
v -0.506699 0.149174 -2.369266
v -0.506699 2.015244 -1.649695
v -0.084646 -0.029154 -1.906807
v -0.084646 1.836916 -1.187236
v -0.084646 0.149174 -2.369266
v -0.084646 2.015244 -1.649695
vn -1.0000 -0.0000 0.0000
vn 0.0000 0.3598 -0.9330
vn 1.0000 0.0000 0.0000
vn 0.0000 -0.3598 0.9330
vn 0.0000 -0.9330 -0.3598
vn 0.0000 0.9330 0.3598
usemtl None
s off
f 9//7 10//7 12//7 11//7
f 11//8 12//8 16//8 15//8
f 15//9 16//9 14//9 13//9
f 13//10 14//10 10//10 9//10
f 11//11 15//11 13//11 9//11
f 16//12 12//12 10//12 14//12
o Cube.003
v 0.564036 0.092846 -1.035809
v 0.564036 2.085041 -1.212326
v 0.564036 0.049100 -1.529525
v 0.564036 2.041295 -1.706043
v 0.986089 0.092846 -1.035809
v 0.986089 2.085041 -1.212326
v 0.986089 0.049100 -1.529525
v 0.986089 2.041295 -1.706043
vn -1.0000 -0.0000 0.0000
vn 0.0000 -0.0883 -0.9961
vn 1.0000 0.0000 0.0000
vn 0.0000 0.0883 0.9961
vn 0.0000 -0.9961 0.0883
vn 0.0000 0.9961 -0.0883
usemtl None
s off
f 17//13 18//13 20//13 19//13
f 19//14 20//14 24//14 23//14
f 23//15 24//15 22//15 21//15
f 21//16 22//16 18//16 17//16
f 19//17 23//17 21//17 17//17
f 24//18 20//18 18//18 22//18
o Cube.002
v 0.765351 -0.018157 1.074861
v 0.765351 1.838171 1.819204
v 0.765351 0.166309 0.614816
v 0.765351 2.022637 1.359159
v 1.187404 -0.018157 1.074861
v 1.187404 1.838171 1.819204
v 1.187404 0.166309 0.614816
v 1.187404 2.022637 1.359159
vn -1.0000 0.0000 0.0000
vn 0.0000 0.3722 -0.9282
vn 1.0000 -0.0000 0.0000
vn 0.0000 -0.3722 0.9282
vn 0.0000 -0.9282 -0.3722
vn 0.0000 0.9282 0.3722
usemtl None
s off
f 25//19 26//19 28//19 27//19
f 27//20 28//20 32//20 31//20
f 31//21 32//21 30//21 29//21
f 29//22 30//22 26//22 25//22
f 27//23 31//23 29//23 25//23
f 32//24 28//24 26//24 30//24
o Cube.001
v -0.619250 0.484012 2.642154
v -0.619250 2.259231 1.720959
v -0.619250 0.255717 2.202210
v -0.619250 2.030935 1.281015
v -0.197196 0.484012 2.642154
v -0.197196 2.259231 1.720959
v -0.197196 0.255717 2.202210
v -0.197196 2.030935 1.281015
vn -1.0000 0.0000 0.0000
vn 0.0000 -0.4606 -0.8876
vn 1.0000 0.0000 0.0000
vn 0.0000 0.4606 0.8876
vn 0.0000 -0.8876 0.4606
vn 0.0000 0.8876 -0.4606
usemtl None
s off
f 33//25 34//25 36//25 35//25
f 35//26 36//26 40//26 39//26
f 39//27 40//27 38//27 37//27
f 37//28 38//28 34//28 33//28
f 35//29 39//29 37//29 33//29
f 40//30 36//30 34//30 38//30
o Cube
v 1.119373 1.925850 -1.635345
v 1.274719 1.925850 1.876974
v -0.725281 1.925850 1.876974
v -0.510074 1.925850 -1.738282
v 1.076573 3.189575 -1.726407
v 0.852603 3.243161 1.876975
v -0.395357 3.253289 1.876973
v -0.527134 3.189575 -1.726408
v 1.274719 1.925850 0.000000
v 0.274719 1.925850 -1.790954
v 1.274719 2.925850 -1.876973
v 0.274719 1.804556 1.876974
v 1.274719 2.925850 1.876974
v -0.725281 1.925850 -0.000001
v -0.725281 2.925850 1.876973
v -0.725281 2.925850 -1.876974
v 1.274719 3.618839 0.000001
v 0.274719 3.472968 -1.603724
v 0.274719 3.360937 1.876974
v -0.725281 3.618839 -0.000000
v 0.274719 2.925850 -1.876974
v -0.856765 2.925850 -0.000000
v 0.274719 2.925850 2.324815
v 1.406203 2.925850 0.000001
v 0.274719 3.618839 0.000000
v 0.274719 1.692704 -0.000000
vn -0.1744 -0.9842 0.0293
vn -0.0634 0.9836 0.1689
vn 0.8635 0.4732 0.1747
vn -0.2471 0.5680 0.7851
vn -0.9317 0.3408 -0.1258
vn -0.0293 -0.1147 -0.9930
vn -0.0130 0.4657 -0.8849
vn 0.0130 0.4657 -0.8849
vn 0.0829 -0.1674 -0.9824
vn -0.9798 -0.1764 -0.0940
vn -0.9972 -0.0656 0.0349
vn -0.9008 0.4073 0.1504
vn -0.2256 -0.2012 0.9532
vn 0.2256 -0.2012 0.9532
vn 0.2599 0.5974 0.7587
vn 0.9972 -0.0656 0.0349
vn 0.9853 -0.1510 -0.0805
vn 0.9317 0.3408 -0.1258
vn 0.0733 0.9820 0.1740
vn 0.1412 0.9741 -0.1766
vn -0.1412 0.9741 -0.1766
vn -0.1313 -0.9886 -0.0733
vn 0.1311 -0.9887 -0.0732
vn 0.1744 -0.9842 0.0293
usemtl Material
s off
f 66//31 52//31 43//31 54//31
f 65//32 60//32 47//32 59//32
f 64//33 57//33 46//33 53//33
f 63//34 59//34 47//34 55//34
f 62//35 60//35 48//35 56//35
f 61//36 50//36 44//36 56//36
f 58//37 61//37 56//37 48//37
f 45//38 51//38 61//38 58//38
f 51//39 41//39 50//39 61//39
f 54//40 62//40 56//40 44//40
f 43//41 55//41 62//41 54//41
f 55//42 47//42 60//42 62//42
f 52//43 63//43 55//43 43//43
f 42//44 53//44 63//44 52//44
f 53//45 46//45 59//45 63//45
f 49//46 64//46 53//46 42//46
f 41//47 51//47 64//47 49//47
f 51//48 45//48 57//48 64//48
f 57//49 65//49 59//49 46//49
f 45//50 58//50 65//50 57//50
f 58//51 48//51 60//51 65//51
f 50//52 66//52 54//52 44//52
f 41//53 49//53 66//53 50//53
f 49//54 42//54 52//54 66//54
